shoulder_pan_joint: 0.785398
shoulder_lift_joint: -2.53073
elbow_joint: -2.53073
wrist_1_joint: 0.3926991
wrist_2_joint: 0
wrist_3_joint: 3.05433
