kinematics:
  shoulder:
    x: 0
    y: 0
    z: 0.1806550577141417
    roll: -0
    pitch: 0
    yaw: -2.7317235812632235e-07
  upper_arm:
    x: -2.6351896138176712e-05
    y: 0
    z: 0
    roll: 1.5703814756278169
    pitch: 0
    yaw: -2.2029967076786605e-06
  forearm:
    x: -0.61220278819326701
    y: 0
    z: 0
    roll: 0.00010428075699773081
    pitch: 0.00018552869605352983
    yaw: -3.2916500637162023e-06
  wrist_1:
    x: -0.57123497627305087
    y: 0.0015803278398461914
    z: 0.17370440560593067
    roll: 3.1324951051696601
    pitch: -3.1411080699381628
    yaw: 3.1415911453948597
  wrist_2:
    x: 8.8772273862495066e-06
    y: -0.11976304262789399
    z: 0.00012315755283957448
    roll: 1.5697679836038372
    pitch: 0
    yaw: -5.2831301961681059e-08
  wrist_3:
    x: -1.7010162555617382e-05
    y: 0.11530121453237739
    z: 5.2835830804564269e-05
    roll: 1.5712545685169859
    pitch: 3.1415926535897931
    yaw: 3.1415924319450474
  hash: calib_10058714245009591538
